generation #, # alive cells, # dead cells, BORN, KILLED, avg x pos, avg y pos 
850000,8075,8309,0,0,0,0
850001,4660,11724,1862,5277,63,63
850002,4360,12024,1767,2067,62,62
850003,4439,11945,1719,1640,63,63
850004,4325,12059,1627,1741,62,63
850005,4370,12014,1657,1612,62,62
850006,4365,12019,1599,1604,62,62
850007,4258,12126,1579,1686,62,62
850008,4223,12161,1558,1593,62,62
850009,4141,12243,1523,1605,63,62
850010,4157,12227,1497,1481,62,62
850011,4139,12245,1515,1533,62,62
850012,4034,12350,1520,1625,62,61
850013,3977,12407,1481,1538,61,62
850014,3938,12446,1440,1479,61,62
850015,3881,12503,1447,1504,61,61
850016,3886,12498,1458,1453,61,62
850017,3849,12535,1461,1498,61,62
850018,3815,12569,1429,1463,62,62
850019,3798,12586,1445,1462,62,61
850020,3909,12475,1442,1331,63,61
850021,3740,12644,1342,1511,62,61
850022,3723,12661,1410,1427,61,60
850023,3697,12687,1368,1394,61,62
850024,3688,12696,1340,1349,61,62
850025,3652,12732,1310,1346,62,61
850026,3615,12769,1310,1347,61,62
850027,3509,12875,1261,1367,62,62
850028,3407,12977,1239,1341,62,62
850029,3484,12900,1272,1195,63,62
850030,3459,12925,1246,1271,63,62
850031,3533,12851,1296,1222,63,62
850032,3400,12984,1244,1377,64,62
850033,3549,12835,1310,1161,63,62
850034,3455,12929,1263,1357,62,62
850035,3469,12915,1221,1207,62,62
850036,3459,12925,1194,1204,62,62
850037,3471,12913,1215,1203,63,62
850038,3517,12867,1280,1234,63,61
850039,3562,12822,1296,1251,63,62
850040,3570,12814,1274,1266,63,61
850041,3533,12851,1252,1289,64,63
850042,3530,12854,1265,1268,64,62
850043,3478,12906,1250,1302,64,63
850044,3504,12880,1261,1235,64,63
850045,3363,13021,1155,1296,65,62
850046,3352,13032,1215,1226,66,63
850047,3345,13039,1223,1230,65,63
850048,3410,12974,1227,1162,64,63
850049,3300,13084,1100,1210,65,63
850050,3343,13041,1191,1148,65,62
850051,3263,13121,1138,1218,65,62
850052,3256,13128,1149,1156,65,62
850053,3208,13176,1126,1174,65,62
850054,3239,13145,1127,1096,65,62
850055,3173,13211,1083,1149,65,61
850056,3219,13165,1123,1077,66,62
850057,3251,13133,1136,1104,65,61
850058,3265,13119,1118,1104,65,61
850059,3244,13140,1146,1167,65,62
850060,3256,13128,1142,1130,64,60
850061,3267,13117,1166,1155,64,62
850062,3241,13143,1160,1186,64,62
850063,3257,13127,1138,1122,64,63
850064,3220,13164,1110,1147,63,62
850065,3269,13115,1123,1074,64,63
850066,3187,13197,1115,1197,63,62
850067,3172,13212,1136,1151,64,63
850068,3178,13206,1117,1111,65,61
850069,3164,13220,1126,1140,66,63
850070,3183,13201,1155,1136,66,62
850071,3095,13289,1077,1165,64,62
850072,3110,13274,1092,1077,65,61
850073,3110,13274,1083,1083,65,62
850074,3087,13297,1077,1100,65,61
850075,3039,13345,1056,1104,65,62
850076,3106,13278,1089,1022,64,62
850077,3149,13235,1105,1062,64,61
850078,3048,13336,1053,1154,64,60
850079,3068,13316,1089,1069,65,61
850080,3145,13239,1068,991,64,60
850081,3100,13284,1063,1108,65,61
850082,3073,13311,1068,1095,64,61
850083,3007,13377,1033,1099,64,62
850084,3040,13344,1071,1038,64,61
850085,3013,13371,1045,1072,64,61
850086,2949,13435,1040,1104,64,61
850087,2997,13387,1046,998,65,60
850088,2946,13438,1029,1080,64,60
850089,2871,13513,1004,1079,64,60
850090,2980,13404,1030,921,65,59
850091,2973,13411,1024,1031,64,59
850092,2959,13425,1037,1051,65,61
850093,3023,13361,1057,993,65,60
850094,3084,13300,1084,1023,66,61
850095,3041,13343,1077,1120,65,60
850096,3059,13325,1070,1052,66,60
850097,2957,13427,1000,1102,66,60
850098,2992,13392,1050,1015,66,60
850099,2867,13517,992,1117,65,60
850100,2983,13401,1091,975,66,60
850101,2920,13464,1038,1101,66,60
850102,2987,13397,1065,998,65,60
850103,2935,13449,1005,1057,65,60
850104,2899,13485,996,1032,66,59
850105,2908,13476,1007,998,66,60
850106,2965,13419,1018,961,65,59
850107,2903,13481,978,1040,65,60
850108,3023,13361,1075,955,64,60
850109,2930,13454,982,1075,64,60
850110,3039,13345,1054,945,65,60
850111,2956,13428,988,1071,64,60
850112,3048,13336,1066,974,64,60
850113,3025,13359,1049,1072,64,60
850114,3020,13364,1033,1038,65,60
850115,2976,13408,1009,1053,64,60
850116,2975,13409,1067,1068,63,59
850117,2974,13410,1039,1040,63,60
850118,2987,13397,1044,1031,63,61
850119,3036,13348,1053,1004,62,61
850120,3071,13313,1059,1024,61,60
850121,3110,13274,1083,1044,62,61
850122,3073,13311,1048,1085,63,60
850123,3040,13344,1046,1079,63,60
850124,3040,13344,1048,1048,63,60
850125,3104,13280,1091,1027,62,61
850126,3089,13295,1077,1092,63,60
850127,3031,13353,1026,1084,63,61
850128,2992,13392,1040,1079,63,61
850129,2951,13433,1020,1061,64,62
850130,2972,13412,1066,1045,63,62
850131,2878,13506,964,1058,63,62
850132,2942,13442,1048,984,63,61
850133,2909,13475,993,1026,64,62
850134,2897,13487,1007,1019,63,62
850135,2841,13543,1002,1058,63,62
850136,2876,13508,1048,1013,63,63
850137,2832,13552,996,1040,63,62
850138,2881,13503,996,947,63,62
850139,2874,13510,990,997,63,62
850140,2881,13503,991,984,63,61
850141,2904,13480,1025,1002,63,62
850142,2807,13577,927,1024,63,62
850143,2838,13546,1018,987,63,63
850144,2747,13637,938,1029,63,62
850145,2752,13632,954,949,63,63
850146,2744,13640,951,959,63,62
850147,2737,13647,916,923,62,62
850148,2705,13679,928,960,63,62
850149,2692,13692,904,917,64,61
850150,2650,13734,881,923,63,62
850151,2687,13697,904,867,63,61
850152,2612,13772,847,922,64,62
850153,2647,13737,883,848,63,62
850154,2681,13703,904,870,62,61
850155,2660,13724,883,904,63,62
850156,2733,13651,930,857,63,62
850157,2669,13715,865,929,64,61
850158,2702,13682,904,871,64,61
850159,2721,13663,908,889,64,62
850160,2769,13615,941,893,63,61
850161,2750,13634,924,943,64,62
850162,2679,13705,895,966,63,63
850163,2783,13601,963,859,64,62
850164,2776,13608,939,946,63,63
850165,2784,13600,930,922,63,62
850166,2914,13470,1001,871,63,62
850167,2752,13632,918,1080,64,61
850168,2699,13685,932,985,64,62
850169,2723,13661,916,892,63,61
850170,2707,13677,924,940,63,61
850171,2768,13616,948,887,63,62
850172,2771,13613,932,929,63,62
850173,2837,13547,1014,948,64,63
850174,2817,13567,932,952,63,63
850175,2850,13534,1008,975,63,62
850176,2810,13574,933,973,63,63
850177,2781,13603,947,976,62,63
850178,2757,13627,963,987,62,63
850179,2751,13633,916,922,62,62
850180,2763,13621,965,953,62,63
850181,2768,13616,918,913,61,63
850182,2804,13580,956,920,61,63
850183,2819,13565,939,924,61,62
850184,2835,13549,951,935,61,62
850185,2784,13600,925,976,61,63
850186,2770,13614,958,972,60,62
850187,2786,13598,967,951,60,61
850188,2758,13626,951,979,60,62
850189,2684,13700,950,1024,60,61
850190,2665,13719,913,932,61,62
850191,2553,13831,878,990,60,61
850192,2624,13760,909,838,60,61
850193,2604,13780,875,895,60,61
850194,2669,13715,929,864,61,61
850195,2618,13766,877,928,61,60
850196,2677,13707,934,875,60,60
850197,2682,13702,905,900,61,61
850198,2669,13715,939,952,61,59
850199,2570,13814,911,1010,61,60
850200,2611,13773,941,900,62,59
850201,2659,13725,914,866,62,61
850202,2603,13781,863,919,62,60
850203,2649,13735,893,847,64,60
850204,2625,13759,871,895,63,60
850205,2621,13763,897,901,63,59
850206,2549,13835,841,913,64,60
850207,2596,13788,906,859,63,59
850208,2556,13828,852,892,64,59
850209,2542,13842,848,862,64,60
850210,2565,13819,887,864,64,60
850211,2578,13806,880,867,63,61
850212,2584,13800,914,908,64,61
850213,2511,13873,867,940,64,61
850214,2540,13844,882,853,65,61
850215,2546,13838,891,885,64,61
850216,2511,13873,868,903,65,61
850217,2501,13883,856,866,64,62
850218,2476,13908,859,884,65,62
850219,2482,13902,879,873,65,63
850220,2486,13898,880,876,65,64
850221,2489,13895,900,897,65,63
850222,2458,13926,857,888,66,63
850223,2467,13917,865,856,65,64
850224,2484,13900,869,852,65,63
850225,2468,13916,816,832,65,63
850226,2452,13932,849,865,65,63
850227,2457,13927,864,859,64,62
850228,2432,13952,840,865,65,62
850229,2422,13962,840,850,65,62
850230,2449,13935,837,810,65,63
850231,2493,13891,831,787,64,62
850232,2537,13847,874,830,64,63
850233,2486,13898,804,855,64,62
850234,2478,13906,845,853,65,63
850235,2421,13963,808,865,64,63
850236,2418,13966,823,826,64,62
850237,2427,13957,810,801,63,61
850238,2493,13891,848,782,64,61
850239,2392,13992,815,916,63,62
850240,2420,13964,831,803,64,62
850241,2429,13955,812,803,63,61
850242,2417,13967,827,839,63,63
850243,2463,13921,827,781,63,62
850244,2429,13955,807,841,63,62
850245,2360,14024,788,857,63,63
850246,2370,14014,822,812,64,62
850247,2380,14004,774,764,63,63
850248,2292,14092,754,842,64,63
850249,2368,14016,803,727,64,64
850250,2336,14048,779,811,63,62
850251,2367,14017,775,744,63,62
850252,2371,14013,757,753,64,62
850253,2308,14076,750,813,64,62
850254,2306,14078,775,777,63,63
850255,2326,14058,782,762,63,62
850256,2306,14078,775,795,63,63
850257,2321,14063,757,742,63,63
850258,2345,14039,787,763,63,63
850259,2292,14092,776,829,63,62
850260,2311,14073,782,763,62,62
850261,2313,14071,786,784,62,62
850262,2316,14068,755,752,62,63
850263,2342,14042,739,713,62,63
850264,2394,13990,779,727,61,63
850265,2340,14044,753,807,61,62
850266,2386,13998,781,735,62,62
850267,2330,14054,750,806,61,63
850268,2292,14092,770,808,62,63
850269,2294,14090,759,757,61,63
850270,2279,14105,728,743,61,63
850271,2298,14086,758,739,61,64
850272,2244,14140,711,765,61,64
850273,2224,14160,709,729,61,64
850274,2222,14162,702,704,60,65
850275,2261,14123,748,709,60,65
850276,2318,14066,795,738,61,65
850277,2329,14055,783,772,60,66
850278,2238,14146,736,827,61,65
850279,2284,14100,764,718,62,64
850280,2278,14106,760,766,62,64
850281,2273,14111,750,755,61,66
850282,2258,14126,730,745,62,65
850283,2288,14096,724,694,61,65
850284,2244,14140,715,759,61,65
850285,2202,14182,704,746,61,64
850286,2191,14193,693,704,61,65
850287,2201,14183,717,707,63,64
850288,2176,14208,720,745,63,64
850289,2241,14143,724,659,62,65
850290,2209,14175,709,741,63,65
850291,2209,14175,693,693,64,64
850292,2268,14116,750,691,63,64
850293,2245,14139,721,744,64,63
850294,2300,14084,719,664,65,64
850295,2403,13981,785,682,64,64
850296,2353,14031,772,822,64,63
850297,2387,13997,809,775,63,64
850298,2370,14014,809,826,64,64
850299,2400,13984,802,772,64,65
850300,2370,14014,775,805,64,64
850301,2434,13950,807,743,65,64
850302,2436,13948,824,822,65,65
850303,2447,13937,785,774,64,65
850304,2420,13964,843,870,64,65
850305,2420,13964,814,814,64,65
850306,2431,13953,810,799,65,65
850307,2412,13972,799,818,65,66
850308,2412,13972,788,788,65,65
850309,2491,13893,831,752,65,65
850310,2418,13966,789,862,64,64
850311,2430,13954,827,815,64,63
850312,2444,13940,843,829,63,64
850313,2425,13959,842,861,64,64
850314,2441,13943,848,832,64,65
850315,2486,13898,849,804,63,65
850316,2500,13884,819,805,63,65
850317,2486,13898,812,826,63,64
850318,2468,13916,792,810,63,64
850319,2473,13911,834,829,63,64
850320,2492,13892,857,838,62,64
850321,2511,13873,875,856,63,64
850322,2466,13918,833,878,62,63
850323,2443,13941,806,829,63,63
850324,2509,13875,850,784,63,63
850325,2478,13906,843,874,62,63
850326,2433,13951,807,852,63,64
850327,2509,13875,888,812,63,63
850328,2449,13935,851,911,64,63
850329,2426,13958,815,838,63,65
850330,2501,13883,863,788,64,65
850331,2436,13948,805,870,63,65
850332,2440,13944,842,838,64,65
850333,2433,13951,818,825,63,64
850334,2439,13945,822,816,63,64
850335,2481,13903,824,782,64,64
850336,2467,13917,809,823,64,62
850337,2500,13884,808,775,64,63
850338,2492,13892,815,823,64,62
850339,2463,13921,818,847,64,62
850340,2464,13920,812,811,65,61
850341,2451,13933,820,833,64,61
850342,2420,13964,822,853,64,61
850343,2397,13987,820,843,65,62
850344,2415,13969,832,814,63,61
850345,2366,14018,809,858,64,62
850346,2444,13940,850,772,65,61
850347,2382,14002,799,861,65,61
850348,2418,13966,838,802,64,61
850349,2374,14010,806,850,65,62
850350,2414,13970,806,766,64,62
850351,2421,13963,789,782,64,62
850352,2427,13957,772,766,65,62
850353,2458,13926,829,798,64,61
850354,2402,13982,802,858,65,61
850355,2421,13963,846,827,65,61
850356,2410,13974,848,859,65,60
850357,2382,14002,804,832,65,60
850358,2384,14000,784,782,64,61
850359,2372,14012,791,803,64,59
850360,2408,13976,798,762,64,60
850361,2391,13993,821,838,64,58
850362,2401,13983,806,796,63,59
850363,2363,14021,785,823,65,59
850364,2313,14071,722,772,65,60
850365,2412,13972,780,681,65,59
850366,2347,14037,749,814,64,59
850367,2398,13986,785,734,65,59
850368,2346,14038,739,791,64,59
850369,2375,14009,788,759,63,60
850370,2343,14041,782,814,63,59
850371,2324,14060,745,764,63,59
850372,2344,14040,785,765,63,60
850373,2395,13989,777,726,62,59
850374,2396,13988,780,779,62,59
850375,2430,13954,805,771,61,60
850376,2387,13997,772,815,62,60
850377,2420,13964,815,782,62,59
850378,2445,13939,830,805,61,61
850379,2348,14036,755,852,63,59
850380,2379,14005,783,752,62,60
850381,2448,13936,805,736,62,59
850382,2432,13952,790,806,62,59
850383,2495,13889,808,745,62,58
850384,2512,13872,840,823,63,59
850385,2505,13879,825,832,63,58
850386,2546,13838,865,824,63,58
850387,2539,13845,849,856,63,58
850388,2598,13786,856,797,64,58
850389,2595,13789,903,906,63,57
850390,2536,13848,864,923,63,58
850391,2472,13912,848,912,63,58
850392,2497,13887,882,857,63,57
850393,2472,13912,839,864,63,57
850394,2463,13921,837,846,63,58
850395,2415,13969,817,865,63,57
850396,2467,13917,809,757,62,58
850397,2438,13946,822,851,63,58
850398,2487,13897,870,821,62,59
850399,2514,13870,857,830,61,58
850400,2504,13880,870,880,61,59
850401,2492,13892,862,874,62,59
850402,2554,13830,870,808,62,59
850403,2528,13856,844,870,63,58
850404,2665,13719,960,823,63,58
850405,2599,13785,879,945,62,57
850406,2609,13775,883,873,62,58
850407,2585,13799,882,906,63,57
850408,2548,13836,850,887,63,58
850409,2586,13798,911,873,62,58
850410,2591,13793,897,892,62,59
850411,2565,13819,914,940,62,58
850412,2505,13879,857,917,63,59
850413,2494,13890,864,875,62,58
850414,2417,13967,806,883,64,58
850415,2447,13937,850,820,64,58
850416,2441,13943,839,845,64,58
850417,2394,13990,835,882,64,59
850418,2454,13930,841,781,64,59
850419,2449,13935,846,851,63,61
850420,2507,13877,871,813,63,61
850421,2471,13913,842,878,64,61
850422,2533,13851,905,843,64,62
850423,2476,13908,822,879,64,61
850424,2527,13857,864,813,64,61
850425,2476,13908,817,868,64,61
850426,2475,13909,860,861,64,61
850427,2472,13912,826,829,64,62
850428,2363,14021,783,892,63,61
850429,2383,14001,805,785,63,63
850430,2358,14026,795,820,63,62
850431,2450,13934,852,760,63,63
850432,2449,13935,818,819,63,64
850433,2458,13926,834,825,63,63
850434,2490,13894,867,835,62,63
850435,2553,13831,878,815,63,63
850436,2523,13861,900,930,63,63
850437,2503,13881,852,872,63,62
850438,2464,13920,850,889,62,62
850439,2539,13845,871,796,62,62
850440,2492,13892,844,891,63,62
850441,2476,13908,836,852,62,61
850442,2444,13940,821,853,63,61
850443,2458,13926,834,820,62,62
850444,2456,13928,827,829,62,61
850445,2445,13939,842,853,63,62
850446,2455,13929,816,806,62,63
850447,2418,13966,793,830,61,62
850448,2465,13919,820,773,63,63
850449,2371,14013,798,892,62,62
850450,2381,14003,824,814,63,62
850451,2400,13984,825,806,62,62
850452,2436,13948,816,780,63,62
850453,2387,13997,826,875,62,62
850454,2413,13971,823,797,61,61
850455,2448,13936,845,810,62,61
850456,2400,13984,829,877,62,60
850457,2419,13965,822,803,62,60
850458,2428,13956,812,803,61,61
850459,2442,13942,817,803,62,61
850460,2474,13910,840,808,61,61
850461,2467,13917,817,824,61,60
850462,2455,13929,814,826,60,61
850463,2462,13922,831,824,60,60
850464,2447,13937,839,854,61,60
850465,2416,13968,816,847,61,60
850466,2407,13977,796,805,61,60
850467,2447,13937,852,812,62,61
850468,2395,13989,836,888,62,60
850469,2421,13963,828,802,62,60
850470,2394,13990,811,838,63,61
850471,2465,13919,806,735,64,61
850472,2433,13951,821,853,64,60
850473,2420,13964,816,829,64,61
850474,2410,13974,819,829,63,61
850475,2366,14018,761,805,62,63
850476,2432,13952,821,755,61,62
850477,2383,14001,814,863,61,63
850478,2442,13942,822,763,62,62
850479,2315,14069,797,924,62,63
850480,2358,14026,803,760,61,63
850481,2333,14051,810,835,62,63
850482,2283,14101,758,808,62,65
850483,2270,14114,789,802,62,64
850484,2340,14044,790,720,62,66
850485,2281,14103,795,854,63,65
850486,2301,14083,801,781,61,65
850487,2279,14105,796,818,62,65
850488,2289,14095,763,753,62,65
850489,2319,14065,794,764,61,65
850490,2237,14147,740,822,61,65
850491,2286,14098,775,726,61,65
850492,2273,14111,771,784,61,66
850493,2235,14149,757,795,60,65
850494,2202,14182,734,767,60,66
850495,2229,14155,766,739,61,65
850496,2184,14200,715,760,61,65
850497,2143,14241,746,787,61,65
850498,2111,14273,694,726,61,66
850499,2117,14267,689,683,62,65
850500,2121,14263,704,700,62,65
850501,2185,14199,752,688,63,66
850502,2150,14234,711,746,62,65
850503,2181,14203,750,719,63,66
850504,2132,14252,727,776,63,64
850505,2187,14197,734,679,63,64
850506,2156,14228,704,735,63,64
850507,2151,14233,742,747,64,65
850508,2162,14222,731,720,65,66
850509,2149,14235,693,706,64,66
850510,2165,14219,725,709,64,66
850511,2137,14247,694,722,64,66
850512,2179,14205,742,700,65,65
850513,2162,14222,672,689,64,65
850514,2279,14105,782,665,64,65
850515,2227,14157,750,802,64,65
850516,2282,14102,798,743,65,64
850517,2279,14105,762,765,64,64
850518,2252,14132,775,802,64,65
