generation #, # alive cells, # dead cells, BORN, KILLED, avg x pos, avg y pos 
10000,499948,500052,0,0,0,0
10001,2758,997242,1087,498277,503,496
10002,2731,997269,0,27,502,496
10003,2699,997301,0,32,502,496
10004,2676,997324,0,23,502,496
10005,2654,997346,0,22,503,496
10006,2630,997370,0,24,503,496
10007,2602,997398,0,28,502,497
10008,2582,997418,0,20,502,497
10009,2554,997446,0,28,501,497
10010,2521,997479,0,33,501,496
10011,2498,997502,0,23,501,496
10012,2473,997527,0,25,500,495
10013,2451,997549,0,22,500,495
10014,2436,997564,0,15,500,495
10015,2414,997586,0,22,501,495
10016,2393,997607,0,21,501,495
10017,2368,997632,0,25,501,496
10018,2349,997651,0,19,500,496
10019,2326,997674,0,23,500,497
10020,2309,997691,0,17,501,497
10021,2287,997713,0,22,501,496
10022,2263,997737,0,24,502,496
10023,2240,997760,0,23,501,496
10024,2221,997779,0,19,501,496
10025,2197,997803,0,24,502,496
10026,2168,997832,0,29,501,496
10027,2153,997847,0,15,501,497
10028,2132,997868,0,21,502,497
10029,2108,997892,0,24,501,498
10030,2085,997915,0,23,502,497
10031,2071,997929,0,14,502,497
10032,2052,997948,0,19,503,497
10033,2037,997963,0,15,504,496
10034,2022,997978,0,15,504,497
10035,2001,997999,0,21,504,498
10036,1978,998022,0,23,503,497
10037,1951,998049,0,27,504,496
10038,1928,998072,0,23,504,496
10039,1905,998095,0,23,503,497
10040,1883,998117,0,22,504,497
10041,1870,998130,0,13,504,497
10042,1851,998149,0,19,504,497
10043,1825,998175,0,26,505,497
10044,1802,998198,0,23,505,496
10045,1779,998221,0,23,504,497
10046,1761,998239,0,18,505,498
10047,1741,998259,0,20,505,498
10048,1727,998273,0,14,506,499
10049,1710,998290,0,17,505,499
10050,1696,998304,0,14,505,499
10051,1682,998318,0,14,505,500
10052,1669,998331,0,13,505,500
10053,1656,998344,0,13,505,500
10054,1645,998355,0,11,504,499
10055,1624,998376,0,21,505,499
10056,1610,998390,0,14,505,499
10057,1591,998409,0,19,504,499
10058,1579,998421,0,12,503,499
10059,1555,998445,0,24,505,499
10060,1543,998457,0,12,504,499
10061,1519,998481,0,24,503,500
10062,1503,998497,0,16,504,501
10063,1488,998512,0,15,504,500
10064,1474,998526,0,14,505,502
10065,1462,998538,0,12,504,502
10066,1448,998552,0,14,506,503
10067,1440,998560,0,8,507,503
10068,1422,998578,0,18,507,502
10069,1407,998593,0,15,508,503
10070,1388,998612,0,19,507,506
10071,1373,998627,0,15,508,506
10072,1362,998638,0,11,510,507
10073,1347,998653,0,15,509,507
10074,1337,998663,0,10,508,508
10075,1317,998683,0,20,509,508
10076,1302,998698,0,15,508,508
10077,1291,998709,0,11,508,509
10078,1278,998722,0,13,509,508
10079,1264,998736,0,14,510,509
10080,1254,998746,0,10,511,511
10081,1246,998754,0,8,510,512
10082,1228,998772,1,19,509,512
10083,1222,998778,0,6,509,512
10084,1205,998795,0,17,509,513
10085,1189,998811,0,16,509,513
10086,1175,998825,0,14,509,511
10087,1159,998841,0,16,510,510
10088,1141,998859,0,18,509,513
10089,1132,998868,0,9,508,513
10090,1121,998879,0,11,509,515
10091,1109,998891,0,12,509,515
10092,1092,998908,0,17,510,516
10093,1077,998923,0,15,510,516
10094,1068,998932,0,9,508,517
10095,1053,998947,0,15,508,518
10096,1041,998959,0,12,506,519
10097,1033,998967,0,8,505,519
10098,1025,998975,0,8,506,518
10099,1016,998984,0,9,505,519
10100,1005,998995,0,11,506,519
10101,995,999005,0,10,506,519
10102,985,999015,0,10,506,520
10103,977,999023,0,8,507,520
10104,971,999029,0,6,507,521
10105,965,999035,0,6,507,521
10106,956,999044,0,9,506,519
10107,943,999057,0,13,507,521
10108,938,999062,0,5,507,521
10109,926,999074,0,12,507,520
10110,914,999086,0,12,506,521
10111,911,999089,0,3,506,521
10112,902,999098,0,9,505,521
10113,894,999106,0,8,504,520
10114,880,999120,0,14,505,522
10115,873,999127,0,7,506,521
10116,865,999135,0,8,506,520
10117,857,999143,0,8,505,522
10118,850,999150,0,7,506,520
10119,846,999154,0,4,505,520
10120,834,999166,0,12,505,518
10121,830,999170,0,4,506,518
10122,820,999180,0,10,503,516
10123,808,999192,0,12,503,514
10124,798,999202,0,10,502,514
10125,783,999217,0,15,502,514
10126,773,999227,0,10,502,516
10127,765,999235,0,8,503,515
10128,760,999240,0,5,503,514
10129,751,999249,0,9,503,514
10130,746,999254,0,5,503,513
10131,734,999266,0,12,504,512
10132,724,999276,0,10,504,512
10133,719,999281,0,5,502,511
10134,716,999284,0,3,504,511
10135,706,999294,0,10,504,512
10136,700,999300,0,6,504,511
10137,694,999306,0,6,504,512
10138,689,999311,0,5,504,511
10139,688,999312,0,1,504,511
10140,675,999325,0,13,503,512
10141,668,999332,0,7,503,512
10142,665,999335,0,3,502,511
10143,653,999347,0,12,503,512
10144,649,999351,0,4,503,512
10145,639,999361,0,10,504,512
10146,636,999364,0,3,502,512
10147,629,999371,0,7,504,513
10148,624,999376,0,5,504,512
10149,620,999380,0,4,503,513
10150,616,999384,0,4,504,512
10151,608,999392,0,8,505,512
10152,603,999397,0,5,503,513
10153,601,999399,0,2,503,515
10154,598,999402,0,3,502,513
10155,591,999409,0,7,501,514
10156,590,999410,0,1,502,514
10157,583,999417,0,7,502,514
10158,578,999422,0,5,503,513
10159,568,999432,0,10,501,512
10160,561,999439,0,7,499,511
10161,554,999446,0,7,499,513
10162,549,999451,0,5,499,511
10163,546,999454,0,3,500,513
10164,540,999460,0,6,501,512
10165,535,999465,0,5,500,513
10166,531,999469,0,4,499,513
10167,526,999474,0,5,500,514
10168,520,999480,0,6,500,514
10169,514,999486,0,6,500,512
10170,511,999489,0,3,500,513
10171,509,999491,0,2,500,512
10172,500,999500,0,9,499,513
10173,494,999506,0,6,499,514
10174,487,999513,0,7,497,516
10175,482,999518,0,5,495,516
10176,476,999524,0,6,493,513
10177,469,999531,0,7,491,511
10178,462,999538,0,7,492,512
10179,457,999543,0,5,492,510
10180,456,999544,0,1,492,510
10181,448,999552,0,8,490,510
10182,445,999555,0,3,490,511
10183,442,999558,0,3,489,509
10184,437,999563,0,5,490,509
10185,430,999570,0,7,489,507
10186,426,999574,0,4,489,507
10187,425,999575,0,1,488,506
10188,422,999578,0,3,490,506
10189,415,999585,0,7,492,505
10190,414,999586,0,1,492,506
10191,410,999590,0,4,492,505
10192,407,999593,0,3,493,505
10193,406,999594,0,1,492,505
10194,402,999598,0,4,494,507
10195,400,999600,0,2,493,507
10196,393,999607,0,7,494,507
10197,392,999608,0,1,494,507
10198,387,999613,0,5,490,507
10199,384,999616,0,3,491,508
10200,380,999620,0,4,490,506
10201,376,999624,0,4,490,508
10202,372,999628,0,4,491,506
10203,365,999635,0,7,492,505
10204,358,999642,0,7,494,503
10205,357,999643,0,1,492,503
10206,353,999647,0,4,491,502
10207,352,999648,0,1,491,503
10208,348,999652,0,4,490,502
10209,347,999653,0,1,488,502
10210,342,999658,0,5,486,504
10211,332,999668,0,10,485,502
10212,331,999669,0,1,484,501
10213,330,999670,0,1,483,500
10214,329,999671,0,1,482,500
10215,327,999673,0,2,484,500
10216,325,999675,0,2,482,500
10217,320,999680,0,5,484,500
10218,316,999684,0,4,479,501
10219,315,999685,0,1,481,502
10220,311,999689,0,4,483,497
10221,308,999692,0,3,483,498
10222,305,999695,0,3,483,496
10223,301,999699,0,4,483,493
10224,297,999703,0,4,483,490
10225,293,999707,0,4,486,489
10226,290,999710,0,3,488,493
10227,287,999713,0,3,487,493
10228,283,999717,0,4,489,494
10229,281,999719,0,2,489,495
10230,281,999719,0,0,489,495
10231,277,999723,0,4,483,499
10232,276,999724,0,1,485,499
10233,272,999728,0,4,485,501
10234,270,999730,0,2,485,500
10235,263,999737,0,7,488,504
10236,257,999743,0,6,488,505
10237,252,999748,0,5,489,507
10238,250,999750,0,2,486,508
10239,247,999753,0,3,491,512
10240,243,999757,0,4,493,513
10241,241,999759,0,2,491,511
10242,240,999760,0,1,490,511
10243,237,999763,0,3,486,510
10244,235,999765,0,2,488,513
10245,234,999766,0,1,487,515
10246,234,999766,0,0,487,515
10247,231,999769,0,3,488,514
10248,222,999778,0,9,482,510
10249,217,999783,0,5,485,509
10250,214,999786,0,3,482,505
10251,214,999786,0,0,482,505
10252,212,999788,0,2,485,504
10253,211,999789,0,1,483,503
10254,209,999791,0,2,482,502
10255,207,999793,0,2,485,500
10256,206,999794,0,1,483,500
10257,201,999799,0,5,481,503
10258,198,999802,0,3,478,505
10259,193,999807,0,5,475,505
10260,192,999808,0,1,473,504
10261,189,999811,0,3,477,507
10262,189,999811,0,0,477,507
10263,186,999814,0,3,477,510
10264,183,999817,0,3,477,511
10265,182,999818,0,1,479,513
10266,181,999819,0,1,480,511
10267,179,999821,0,2,482,509
10268,179,999821,1,1,481,505
10269,175,999825,0,4,479,505
10270,173,999827,0,2,481,504
10271,171,999829,0,2,485,507
10272,170,999830,0,1,488,505
10273,169,999831,0,1,488,505
10274,169,999831,0,0,488,505
10275,168,999832,0,1,490,507
10276,168,999832,0,0,490,507
10277,165,999835,1,4,495,510
10278,163,999837,0,2,491,508
10279,162,999838,0,1,494,511
10280,161,999839,0,1,490,514
10281,159,999841,0,2,492,517
10282,156,999844,0,3,488,521
10283,154,999846,0,2,487,517
10284,152,999848,0,2,489,518
10285,151,999849,0,1,489,516
10286,149,999851,0,2,487,517
10287,148,999852,0,1,490,514
10288,149,999851,1,0,488,512
10289,147,999853,0,2,485,510
10290,146,999854,0,1,482,509
10291,144,999856,0,2,484,506
10292,142,999858,0,2,484,507
10293,142,999858,0,0,484,507
10294,140,999860,0,2,480,506
10295,139,999861,0,1,481,508
10296,139,999861,0,0,481,508
10297,137,999863,0,2,481,505
10298,132,999868,0,5,480,506
10299,131,999869,0,1,480,507
10300,129,999871,0,2,480,510
10301,128,999872,0,1,481,512
10302,127,999873,0,1,483,515
10303,126,999874,0,1,486,514
10304,125,999875,0,1,483,513
10305,125,999875,0,0,483,513
10306,124,999876,0,1,486,515
10307,121,999879,0,3,477,517
10308,121,999879,0,0,477,517
10309,119,999881,0,2,473,515
10310,118,999882,0,1,470,513
10311,116,999884,0,2,475,506
10312,113,999887,0,3,471,511
10313,113,999887,0,0,471,511
10314,111,999889,0,2,467,509
10315,109,999891,0,2,468,510
10316,109,999891,0,0,468,510
10317,109,999891,0,0,468,510
10318,107,999893,0,2,473,516
10319,104,999896,0,3,477,507
10320,104,999896,0,0,477,507
10321,102,999898,0,2,471,513
10322,100,999900,0,2,473,508
10323,100,999900,0,0,473,508
10324,99,999901,0,1,476,504
10325,97,999903,0,2,469,500
10326,96,999904,0,1,468,496
10327,94,999906,0,2,469,498
10328,94,999906,0,0,469,498
10329,93,999907,0,1,469,497
10330,93,999907,0,0,469,497
10331,93,999907,0,0,469,497
10332,93,999907,0,0,469,497
10333,92,999908,0,1,464,494
10334,89,999911,0,3,467,490
10335,88,999912,0,1,471,489
10336,87,999913,0,1,474,493
10337,87,999913,0,0,474,493
10338,87,999913,0,0,474,493
10339,87,999913,0,0,474,493
10340,86,999914,0,1,468,490
10341,84,999916,0,2,460,487
10342,83,999917,0,1,454,483
10343,83,999917,0,0,454,483
10344,83,999917,0,0,454,483
10345,81,999919,0,2,455,488
10346,80,999920,0,1,451,491
10347,79,999921,0,1,454,492
10348,79,999921,0,0,454,492
10349,79,999921,0,0,454,492
10350,78,999922,0,1,450,492
10351,77,999923,0,1,450,487
10352,77,999923,0,0,450,487
10353,76,999924,0,1,452,492
10354,73,999927,0,3,463,499
10355,72,999928,0,1,468,493
10356,71,999929,0,1,471,497
10357,69,999931,0,2,476,497
10358,69,999931,0,0,476,497
10359,69,999931,0,0,476,497
10360,68,999932,0,1,482,501
10361,68,999932,0,0,482,501
10362,68,999932,0,0,482,501
10363,66,999934,0,2,488,501
10364,66,999934,0,0,488,501
10365,64,999936,0,2,491,495
10366,60,999940,0,4,478,495
10367,60,999940,0,0,478,495
10368,58,999942,0,2,493,490
10369,58,999942,0,0,493,490
10370,57,999943,0,1,491,491
10371,56,999944,0,1,491,485
10372,56,999944,0,0,491,485
10373,56,999944,0,0,491,485
10374,56,999944,0,0,491,485
10375,55,999945,0,1,488,478
10376,53,999947,0,2,490,494
10377,53,999947,0,0,490,494
10378,53,999947,0,0,490,494
10379,51,999949,0,2,485,483
10380,51,999949,0,0,485,483
10381,51,999949,0,0,485,483
10382,51,999949,0,0,485,483
10383,50,999950,0,1,487,479
10384,50,999950,0,0,487,479
10385,50,999950,0,0,487,479
10386,49,999951,0,1,493,480
10387,49,999951,0,0,493,480
10388,49,999951,0,0,493,480
10389,49,999951,0,0,493,480
10390,49,999951,0,0,493,480
10391,48,999952,0,1,484,488
10392,48,999952,0,0,484,488
10393,48,999952,0,0,484,488
10394,48,999952,0,0,484,488
10395,48,999952,0,0,484,488
10396,48,999952,0,0,484,488
10397,46,999954,0,2,485,498
10398,46,999954,0,0,485,498
10399,45,999955,0,1,488,503
10400,45,999955,0,0,488,503
10401,44,999956,0,1,479,508
10402,43,999957,0,1,478,517
10403,42,999958,0,1,482,513
10404,41,999959,0,1,486,501
10405,41,999959,0,0,486,501
10406,40,999960,0,1,488,502
10407,40,999960,0,0,488,502
10408,40,999960,0,0,488,502
10409,39,999961,0,1,500,490
10410,36,999964,0,3,481,487
10411,36,999964,0,0,481,487
10412,35,999965,0,1,468,501
10413,35,999965,0,0,468,501
10414,35,999965,0,0,468,501
10415,35,999965,0,0,468,501
10416,34,999966,0,1,467,497
10417,34,999966,0,0,467,497
10418,34,999966,0,0,467,497
10419,34,999966,0,0,467,497
10420,34,999966,0,0,467,497
10421,34,999966,0,0,467,497
10422,34,999966,0,0,467,497
20000,498952,501048,0,0,0,0
20001,5454,994546,2157,495655,501,503
20002,5349,994651,0,105,500,504
20003,5261,994739,1,89,501,504
20004,5146,994854,0,115,500,505
20005,5044,994956,0,102,500,505
20006,4928,995072,1,117,499,506
20007,4834,995166,0,94,499,506
20008,4736,995264,0,98,498,506
20009,4659,995341,0,77,498,506
20010,4578,995422,0,81,499,506
20011,4494,995506,0,84,499,506
20012,4423,995577,0,71,499,506
20013,4338,995662,0,85,499,506
20014,4248,995752,0,90,499,506
20015,4173,995827,0,75,499,506
20016,4089,995911,0,84,499,506
20017,4010,995990,0,79,500,507
20018,3932,996068,0,78,500,507
20019,3857,996143,0,75,500,506
20020,3778,996222,0,79,501,507
20021,3701,996299,0,77,500,507
20022,3642,996358,0,59,501,507
20023,3563,996437,0,79,501,507
20024,3487,996513,0,76,500,507
20025,3419,996581,0,68,501,506
20026,3343,996657,0,76,500,506
20027,3283,996717,0,60,501,507
20028,3229,996771,0,54,500,507
20029,3182,996818,0,47,500,507
20030,3106,996894,0,76,500,508
20031,3055,996945,1,52,499,510
20032,3006,996994,0,49,498,510
20033,2941,997059,0,65,497,510
20034,2880,997120,0,61,498,510
20035,2821,997179,0,59,498,510
20036,2764,997236,0,57,499,510
20037,2710,997290,0,54,499,509
20038,2647,997353,0,63,498,508
20039,2600,997400,0,47,497,509
20040,2534,997466,0,66,496,508
20041,2479,997521,0,55,497,510
20042,2430,997570,0,49,497,508
20043,2378,997622,0,52,497,507
20044,2337,997663,0,41,497,507
20045,2287,997713,0,50,496,508
20046,2243,997757,0,44,497,508
20047,2197,997803,0,46,497,509
20048,2154,997846,0,43,498,509
20049,2103,997897,0,51,498,510
20050,2054,997946,0,49,497,510
20051,2016,997984,0,38,495,512
20052,1977,998023,0,39,494,511
20053,1938,998062,0,39,493,512
20054,1907,998093,0,31,494,513
20055,1869,998131,0,38,493,511
20056,1828,998172,0,41,491,509
20057,1798,998202,0,30,492,510
20058,1764,998236,0,34,492,512
